# f_MHz dbm
3400    15.91630495
3410    16.04770777
3420    15.70523339
3430    15.52651879
3440    15.63853743
3450    16.42248909
3460    15.09182901
3470    15.36808343
3480    15.80785887
3490    15.82573249
3500    13.51515154
3510    9.120459501
3520    11.20729884
3530    10.06140547
3540    11.38668893
3550    9.337765012
3560    12.79851844
3570    10.51631457
3580    11.70309105
3590    12.90641409
3600    8.912842732
3610    8.537002681
3620    8.101718824
3630    7.747492335
3640    7.810807301
3650    7.908770975
3660    7.904898238
3670    8.125147549
3680    8.886150318
3690    6.965238728
3700    13.07286618
3710    13.37926241
3720    13.48002452
3730    13.42532805
3740    13.61224886
3750    12.88671037
3760    12.6484761
3770    12.82015945
3780    13.49256534
3790    13.43638558
3800    10.56109214